1  number of sets, Nset
-----------------
#1  Blade structural data for HAWC2/HAWCStab2
========================================================================================================================================================================================================================================================================================================================================================================================================================================================================
arc                       m_pm                      x_cg                      y_cg                      ri_x                      ri_y                      x_sc                      y_sc                      E                         G                         I_x                       I_y                       I_T                       k_x                       k_y                       A                         theta_s                   x_ec                      y_ec                      
========================================================================================================================================================================================================================================================================================================================================================================================================================================================================
$1  83 Flexible
1.000000000000E-01        2.956096206850E+03        1.444857886669E-04        1.398181935352E-05        1.368111775391E+00        1.368469421726E+00        1.580819710369E-04        1.194810130672E-05        2.531190033842E+10        8.096880519896E+09        8.874055442026E-01        2.071695828981E+00        1.775403806932E+00        5.010854018792E-01        5.008100691061E-01        1.580517927588E+00        -1.298405153455E+00       1.444801292086E-04        1.398246113537E-05       
1.142900000000E+00        2.592180674360E+03        -2.361346237442E-04       1.964563597700E-05        1.373403576780E+00        1.374126676166E+00        -2.141433927081E-04       1.848712543768E-05        2.537023257458E+10        8.113434983927E+09        7.812333783688E-01        1.840412027732E+00        1.569641404043E+00        5.016725349881E-01        4.999561810307E-01        1.386299330722E+00        -7.034447873886E+01       -2.370224776348E-04       1.733655679218E-05       
2.200700000000E+00        1.935369168690E+03        -1.139707485153E-03       -3.475436785977E-04       1.385161545007E+00        1.385909997973E+00        1.846437500455E-03        2.101583927862E-04        2.431638647890E+10        7.784898738353E+09        6.114207220387E-01        1.476139074045E+00        1.242662132212E+00        5.053698822059E-01        4.950799037214E-01        1.079902914756E+00        -6.993626417025E+01       -1.333417929315E-03       3.348853007936E-04       
3.001200000000E+00        1.483126689180E+03        -1.432568414317E-02       -4.312531840349E-03       1.408406459109E+00        1.392612532032E+00        -8.282156274994E-03       2.400609284358E-03        1.895224200887E+10        6.247711761520E+09        5.922791772891E-01        1.442355252783E+00        1.173270649654E+00        4.981727507177E-01        4.722261193772E-01        1.029428796354E+00        -5.873377563713E+01       -1.468679647301E-02       1.503016514917E-03       
4.100700000000E+00        9.037483274050E+02        1.919964533735E-02        -9.529250318502E-03       1.379865496597E+00        1.366855630113E+00        8.967947614326E-02        -6.965352282407E-03       9.647120080071E+09        3.443363693774E+09        5.956332254961E-01        1.551255167826E+00        1.138466800178E+00        4.668538031476E-01        5.023831563709E-01        1.052156030852E+00        -5.939164909431E+01       1.911302963682E-02        -2.701384879561E-03      
5.100800000000E+00        8.696112920240E+02        4.855254314905E-02        -1.017106874556E-02       1.385662829877E+00        1.404481913241E+00        1.278604848929E-01        -1.140847101474E-02       9.457720980830E+09        3.337570923005E+09        6.015373423097E-01        1.574303295641E+00        1.146158119152E+00        4.824855231615E-01        4.877678089113E-01        1.033688709730E+00        -4.561616705141E+01       4.625085309091E-02        -3.662590247140E-03      
6.200700000000E+00        8.261561142530E+02        9.087949479559E-02        -9.513481893209E-03       1.374892897147E+00        1.464280345222E+00        2.155135100817E-01        2.275142630157E-03        9.270038873756E+09        3.209637345991E+09        5.971257094393E-01        1.615099278328E+00        1.128800070401E+00        4.985672055431E-01        4.603546246804E-01        1.012244123741E+00        -3.317574137865E+01       9.412029412908E-02        -2.955177963136E-03      
6.900600000000E+00        7.951985904880E+02        1.249799840910E-01        -1.477590217532E-02       1.357372040044E+00        1.511961678322E+00        3.150225079099E-01        -5.606854709451E-03       9.126631307944E+09        3.115466970727E+09        5.867622069586E-01        1.647725317852E+00        1.097711371299E+00        5.078741372114E-01        4.383063018081E-01        9.968258101443E-01        -2.665790106107E+01       1.347877026221E-01        -9.391162500799E-03      
8.100200000000E+00        7.719136570290E+02        1.205523098810E-01        -3.660713066803E-02       1.299711484451E+00        1.597757434639E+00        3.997629458457E-01        -5.242801767011E-02       8.379877010349E+09        2.782561918831E+09        5.990576756606E-01        1.847893378496E+00        1.099875403556E+00        5.086067241230E-01        4.180500227051E-01        1.053961620474E+00        -1.924007118890E+01       1.905608276634E-01        -3.113795387025E-02      
8.900000000000E+00        7.489678860730E+02        1.570479876377E-01        -3.928335416338E-02       1.257190148671E+00        1.658179070422E+00        6.026572652464E-01        -4.845063026515E-02       8.403360359899E+09        2.718545594848E+09        5.679339661644E-01        1.898087571329E+00        1.001989920012E+00        5.145996874488E-01        3.847306754060E-01        1.037880381841E+00        -1.518020976200E+01       2.390398833958E-01        -3.627343874464E-02      
1.020000000000E+01        7.073572279000E+02        2.035019244256E-01        -3.998342924687E-02       1.187034447228E+00        1.736000915608E+00        4.317463945772E-01        -1.712647350599E-01       8.431642177831E+09        2.627899346982E+09        5.079254678685E-01        1.916648630720E+00        9.972797034388E-01        5.338153768489E-01        4.018895531122E-01        1.003343890812E+00        -1.175711542619E+01       3.120815132007E-01        -4.165293413054E-02      
1.100000000000E+01        6.791752236070E+02        2.287768333167E-01        -3.695062710271E-02       1.149058494475E+00        1.759490900073E+00        7.470706787636E-01        -1.217141599499E-01       8.440797329303E+09        2.572299394339E+09        4.691416301105E-01        1.875961584821E+00        8.347855940903E-01        5.320772464923E-01        3.560506097245E-01        9.750397884354E-01        -1.069542797925E+01       3.482087043759E-01        -4.021188836242E-02      
1.199900000000E+01        6.344338445540E+02        2.559975470211E-01        -3.162671483566E-02       1.105093434522E+00        1.769290587586E+00        7.032767874159E-01        -8.929360355202E-02       8.514855848728E+09        2.475502964883E+09        4.223660048126E-01        1.756077880795E+00        7.680262896023E-01        5.344922267890E-01        3.588897421660E-01        9.308358005924E-01        -1.018494542626E+01       3.926232391904E-01        -3.764389592844E-02      
1.289900000000E+01        6.176864352480E+02        2.726631431308E-01        -2.718479569550E-02       1.066704287180E+00        1.770130121566E+00        8.018437778550E-01        -7.637985180254E-02       8.824499115656E+09        2.487013977665E+09        3.860026635013E-01        1.657337410608E+00        6.807075082530E-01        5.376473354902E-01        3.415465205391E-01        9.006821142833E-01        -9.473248937211E+00       4.219592521727E-01        -3.564248468760E-02      
1.399900000000E+01        5.988428485740E+02        2.853977931956E-01        -2.222013680816E-02       1.019579454687E+00        1.752482279954E+00        8.486433774747E-01        -7.524611271821E-02       9.251690693209E+09        2.510912552443E+09        3.433351184243E-01        1.512706036401E+00        5.940130315462E-01        5.388240737824E-01        3.283597213802E-01        8.643790118178E-01        -8.812449298543E+00       4.515365740604E-01        -3.296833152918E-02      
1.505200000000E+01        5.770965138590E+02        2.817173516503E-01        -1.608048102420E-02       9.722219979125E-01        1.723240116410E+00        8.696546395558E-01        -6.592793356223E-02       9.639187942992E+09        2.536131873187E+09        3.014917016066E-01        1.365471312956E+00        5.139456584581E-01        5.419130139435E-01        3.168317745650E-01        8.250689308535E-01        -8.170697403627E+00       4.611362277552E-01        -2.836217982016E-02      
1.599900000000E+01        5.611030712980E+02        2.772116177019E-01        -1.164320076395E-02       9.297049574720E-01        1.690152505550E+00        8.713312492644E-01        -5.843025712412E-02       1.006638433012E+10        2.577858949387E+09        2.665983214497E-01        1.236551745275E+00        4.524421797957E-01        5.451260262353E-01        3.077549238620E-01        7.909356933518E-01        -7.591207432042E+00       4.654142155436E-01        -2.522395007346E-02      
1.694600000000E+01        5.369713701320E+02        2.728041534393E-01        -7.782309144178E-03       8.889986711431E-01        1.650390242150E+00        8.684923914609E-01        -5.234310823276E-02       1.046208060123E+10        2.588462830300E+09        2.338603012796E-01        1.095860489693E+00        3.914146993490E-01        5.438688913330E-01        3.013927510073E-01        7.518482390649E-01        -7.266092112279E+00       4.713511863442E-01        -2.271059932613E-02      
1.810400000000E+01        5.103757997510E+02        2.658988783211E-01        -8.421639906706E-03       8.401510226082E-01        1.601274380798E+00        8.054684830859E-01        -5.745335902794E-02       1.097722212423E+10        2.611350455693E+09        1.989045552729E-01        9.462094166735E-01        3.389449479947E-01        5.397569947271E-01        2.998715363378E-01        7.081476240810E-01        -6.883792392260E+00       4.753969476994E-01        -2.499330715589E-02      
1.915700000000E+01        4.933682026310E+02        2.599677427873E-01        -6.084143579669E-03       7.995759373016E-01        1.553691129893E+00        8.077682114067E-01        -5.282653636145E-02       1.158894217961E+10        2.663410348583E+09        1.720839872549E-01        8.309556337415E-01        2.894995990537E-01        5.411968941983E-01        2.901942615286E-01        6.726557615481E-01        -6.466324257454E+00       4.743849056480E-01        -2.342838850983E-02      
1.999900000000E+01        4.736037523010E+02        2.568120717183E-01        -4.201620523638E-03       7.699981235906E-01        1.514977021505E+00        7.983104693750E-01        -5.029963789691E-02       1.203338470819E+10        2.670876947503E+09        1.531950131734E-01        7.406001554473E-01        2.542606022653E-01        5.370553918856E-01        2.858857006180E-01        6.422144039057E-01        -6.268223478853E+00       4.761552652885E-01        -2.216839415923E-02      
2.110400000000E+01        4.411186418850E+02        2.298875046896E-01        -9.753151234768E-04       7.361921056746E-01        1.486075469305E+00        7.884375741854E-01        -4.491214579995E-02       1.256094287846E+10        2.623120975646E+09        1.324854601264E-01        6.526524535923E-01        2.233843012357E-01        5.570546377590E-01        2.481410578793E-01        6.094431697271E-01        -5.802632159934E+00       4.690441182740E-01        -2.033042559396E-02      
2.194700000000E+01        4.276267232310E+02        2.281898713603E-01        3.768571433524E-04        7.090550650246E-01        1.448687250760E+00        7.832818552605E-01        -4.264252837696E-02       1.299500442889E+10        2.629958531588E+09        1.191728947117E-01        5.889120894456E-01        1.980465813545E-01        5.528207731771E-01        2.429742759286E-01        5.879968607931E-01        -5.582339278064E+00       4.698803810829E-01        -1.942631334558E-02      
2.299900000000E+01        4.157671006190E+02        2.255461907640E-01        1.905229872214E-03        6.747109894606E-01        1.402756903367E+00        8.103591491082E-01        -3.317265220640E-02       1.361656807501E+10        2.667084692133E+09        1.039207595229E-01        5.193728656801E-01        1.668566019108E-01        5.494569506117E-01        2.325701337155E-01        5.637738823625E-01        -5.206084116409E+00       4.700551247551E-01        -1.810918068097E-02      
2.389900000000E+01        4.029892597910E+02        2.244376032160E-01        2.825355936832E-03        6.484758200161E-01        1.365723313782E+00        8.012674810455E-01        -3.228274097373E-02       1.409439265502E+10        2.673906848490E+09        9.296336380659E-02        4.678570811058E-01        1.473608868681E-01        5.448789139055E-01        2.277190042114E-01        5.436573435535E-01        -4.936633787334E+00       4.692199266774E-01        -1.754743365912E-02      
2.499900000000E+01        4.151835982390E+02        1.405877935457E-01        3.012536625905E-02        6.064281852746E-01        1.338452696855E+00        6.526964040998E-01        7.913225308036E-02        1.472954608452E+10        2.912801501505E+09        8.129060695147E-02        4.393870703429E-01        1.281142667317E-01        5.479492196037E-01        2.092119591899E-01        5.336668031808E-01        -5.301371063475E+00       4.272174597985E-01        -5.811497934412E-03      
2.594700000000E+01        4.048986988340E+02        1.401638634336E-01        3.003043468827E-02        5.819711880214E-01        1.301893027016E+00        6.458446120686E-01        7.801155560453E-02        1.529574927803E+10        2.936087661373E+09        7.256545444570E-02        3.959935963715E-01        1.128884643217E-01        5.427135642182E-01        2.040172363549E-01        5.153671217488E-01        -5.031661396849E+00       4.259904686975E-01        -5.974408953099E-03      
2.710000000000E+01        3.906223394910E+02        1.431164169503E-01        2.891283652547E-02        5.529803459257E-01        1.256726734547E+00        6.403673051017E-01        7.377763768644E-02        1.600005859713E+10        2.955936306744E+09        6.284738024637E-02        3.476101702751E-01        9.633695020201E-02        5.364782655808E-01        1.980036686691E-01        4.928180892508E-01        -4.663507582395E+00       4.248389953860E-01        -6.571028481206E-03      
2.800000000000E+01        3.826712455170E+02        1.466207193441E-01        2.726580146126E-02        5.331752340900E-01        1.224663160289E+00        6.385762957652E-01        6.809368114060E-02        1.658797474535E+10        2.981004985058E+09        5.669294780067E-02        3.166716532891E-01        8.631756145001E-02        5.331802823103E-01        1.936694011704E-01        4.779433551580E-01        -4.364913246343E+00       4.240143145589E-01        -7.231599008485E-03      
2.899900000000E+01        3.656691701010E+02        1.685729867037E-01        2.587255720338E-02        5.145256992205E-01        1.182851730508E+00        7.775327392537E-01        6.342856917261E-02        1.776521010912E+10        3.063630520159E+09        4.873041265330E-02        2.729276381974E-01        6.815200726079E-02        5.320422199490E-01        1.741413277752E-01        4.452797152261E-01        -4.104018228320E+00       4.272755695503E-01        -7.840049275176E-03      
2.989900000000E+01        3.570297435590E+02        1.681617845685E-01        2.528914697811E-02        4.970693574982E-01        1.154882537526E+00        8.638302276966E-01        5.784063665732E-02        1.829629989959E+10        3.069161412551E+09        4.429181047141E-02        2.502435882030E-01        5.659292185411E-02        5.255265294874E-01        1.631868873752E-01        4.329333492133E-01        -3.883070253654E+00       4.249178126781E-01        -8.160664565760E-03      
3.100000000000E+01        3.520385569620E+02        1.418212109567E-01        2.322964697635E-02        4.725967436262E-01        1.137689943782E+00        6.968094452077E-01        6.673899232757E-02        1.900819737313E+10        3.119150805814E+09        3.878453925449E-02        2.396735234201E-01        5.542899824489E-02        5.308112692657E-01        1.700090195173E-01        4.182794711664E-01        -3.260484133324E+00       3.958284414093E-01        -8.481488759129E-03      
3.200000000000E+01        3.413540861790E+02        1.414153596339E-01        2.229913352231E-02        4.557042457308E-01        1.111368152289E+00        6.917819723309E-01        6.297927961719E-02        1.939309919350E+10        3.115978477870E+09        3.494208163090E-02        2.199480450183E-01        4.944633958451E-02        5.274441460998E-01        1.674259324109E-01        4.046439883885E-01        -3.045501402519E+00       3.913388929447E-01        -8.606565347651E-03      
3.300000000000E+01        3.347818240040E+02        1.387831742480E-01        2.169110451051E-02        4.384790820269E-01        1.085207840061E+00        6.870782866813E-01        6.039025901687E-02        1.981134175080E+10        3.136586002189E+09        3.150942006115E-02        2.036423432264E-01        4.433959341965E-02        5.269674680874E-01        1.638806931368E-01        3.938247218922E-01        -2.826906246989E+00       3.847175747617E-01        -8.426537885204E-03      
3.410000000000E+01        3.228815885410E+02        1.305682276890E-01        2.680008325353E-02        4.199357967910E-01        1.063904787272E+00        6.699279772547E-01        7.672173952016E-02        2.010767376341E+10        3.111454099718E+09        2.824543096397E-02        1.877083107584E-01        3.913984503119E-02        5.135479168213E-01        1.623733822256E-01        3.813252581863E-01        -2.548201367740E+00       3.772735441297E-01        -4.735227313343E-03      
3.500000000000E+01        3.138031113650E+02        1.268804528040E-01        2.652979705257E-02        4.063310799325E-01        1.044025999941E+00        6.609222632776E-01        7.706889420234E-02        2.048898372799E+10        3.101268955911E+09        2.576320506538E-02        1.738699416791E-01        3.506942288206E-02        5.067953038508E-01        1.598848885368E-01        3.702279428842E-01        -2.435281029565E+00       3.732175783340E-01        -4.659786071727E-03      
3.600000000000E+01        3.092197504290E+02        1.220865672300E-01        2.685339879435E-02        3.927911507198E-01        1.023390903721E+00        6.467677700570E-01        7.731765629057E-02        2.085237174673E+10        3.116890187879E+09        2.355652717757E-02        1.633963861892E-01        3.216492067681E-02        5.078982473972E-01        1.568672012982E-01        3.625151461486E-01        -2.309685297930E+00       3.658579098084E-01        -3.364579895743E-03      
3.696400000000E+01        2.833791368500E+02        1.293122577559E-01        2.402381797466E-02        3.838936785735E-01        9.984697605865E-01        6.460268856764E-01        7.627691854656E-02        2.111746277828E+10        3.071120784508E+09        2.145350853580E-02        1.488759125876E-01        2.840749141418E-02        5.039485048291E-01        1.527826899187E-01        3.504989594641E-01        -2.218899814249E+00       3.667167843220E-01        -3.068629377897E-03      
3.803500000000E+01        2.784678669660E+02        1.273532667912E-01        2.411365279126E-02        3.711128195747E-01        9.772585975106E-01        6.257791052095E-01        7.652644022880E-02        2.164322644490E+10        3.108189940222E+09        1.945422959666E-02        1.374838216304E-01        2.595377594278E-02        5.037535503755E-01        1.503366108863E-01        3.403493297500E-01        -2.148043294354E+00       3.622927048402E-01        -1.921746324308E-03      
3.900000000000E+01        2.714744142330E+02        1.256050082725E-01        2.441093122327E-02        3.596963397232E-01        9.587398042214E-01        6.136238254965E-01        7.736328780426E-02        2.209973312866E+10        3.121915530365E+09        1.772637657654E-02        1.270863182103E-01        2.348406454619E-02        5.000328558506E-01        1.477779289422E-01        3.299532992145E-01        -2.093832417689E+00       3.590489875290E-01        -8.943807421701E-04      
4.000000000000E+01        2.675664477020E+02        1.245543041578E-01        2.469941339222E-02        3.487961559162E-01        9.400960226991E-01        6.069473251728E-01        7.711939545307E-02        2.259640851236E+10        3.159508322686E+09        1.623068320073E-02        1.182618129084E-01        2.144879017609E-02        4.993387826649E-01        1.447398769526E-01        3.215286471444E-01        -2.059271805268E+00       3.551879186043E-01        1.596948004035E-04       
4.096400000000E+01        2.582348417300E+02        1.204857593397E-01        2.545212936294E-02        3.378467273839E-01        9.239316435524E-01        5.966017787365E-01        7.724954919811E-02        2.259516020715E+10        3.149626564831E+09        1.473365558315E-02        1.105332997848E-01        1.951711050082E-02        5.013579960737E-01        1.436908208772E-01        3.105942902649E-01        -1.919278091859E+00       3.474641030379E-01        3.402827379698E-03       
4.203500000000E+01        2.486490888060E+02        1.168930003294E-01        2.575840507454E-02        3.266455507762E-01        9.068097627788E-01        5.835579794657E-01        7.952142115064E-02        2.261178111551E+10        3.131735785741E+09        1.330736439498E-02        1.027376370299E-01        1.756250271898E-02        5.010715398470E-01        1.424141929434E-01        2.997978754150E-01        -1.895538652199E+00       3.413573175605E-01        4.657700186164E-03       
4.300000000000E+01        2.419016416840E+02        1.117798151929E-01        2.597408937976E-02        3.161367330348E-01        8.920069009300E-01        5.704737922765E-01        8.111754648379E-02        2.269497498681E+10        3.138754252436E+09        1.209851806386E-02        9.661660975382E-02        1.602930194348E-02        5.039171761801E-01        1.410357699888E-01        2.904428533889E-01        -1.874673758019E+00       3.328194974180E-01        5.730416226649E-03       
4.394700000000E+01        2.342585008890E+02        1.076706467188E-01        2.640797275387E-02        3.066875243544E-01        8.777214371809E-01        7.197881316656E-01        6.360153834177E-02        2.276787909179E+10        3.151184459103E+09        1.101392413293E-02        9.027307116071E-02        1.191648956918E-02        5.014390935710E-01        1.252898853315E-01        2.803463294744E-01        -1.869128326254E+00       3.258895174712E-01        6.720725364961E-03       
4.500000000000E+01        2.285756482850E+02        1.017058389291E-01        2.642538550362E-02        2.958951603536E-01        8.622224842456E-01        5.575207201576E-01        8.215901175526E-02        2.282775413488E+10        3.180776826310E+09        9.940940239807E-03        8.472730104683E-02        1.313939160864E-02        5.113105275549E-01        1.367332772510E-01        2.713810592630E-01        -1.850698779505E+00       3.160972384078E-01        7.762188654480E-03       
4.594700000000E+01        2.219965700140E+02        1.039545819440E-01        2.813087223292E-02        2.879438368300E-01        8.461284676733E-01        5.507612386044E-01        9.854512583281E-02        2.264274489894E+10        3.194738806410E+09        9.081407444377E-03        7.976374297475E-02        1.222859282384E-02        5.281557110476E-01        1.348957565609E-01        2.631581192994E-01        -1.875233983899E+00       3.095126174176E-01        6.159760938723E-03       
4.700000000000E+01        2.146217806980E+02        9.947079073554E-02        2.826764295818E-02        2.779703434352E-01        8.313526778283E-01        5.577359547163E-01        9.751734948444E-02        2.265992061403E+10        3.207088813057E+09        8.180183693252E-03        7.433961572032E-02        1.080386639280E-02        5.288562358792E-01        1.319361644093E-01        2.536526892323E-01        -1.866703383294E+00       3.012697868035E-01        7.213467871738E-03       
4.794700000000E+01        2.100136278240E+02        9.524654910377E-02        2.821271958320E-02        2.694515406741E-01        8.179569284093E-01        5.440868477629E-01        9.740977101318E-02        2.254140389397E+10        3.219604995695E+09        7.506256566464E-03        7.061753346905E-02        1.005650044579E-02        5.359378664294E-01        1.308036539964E-01        2.473855070984E-01        -1.863875850829E+00       2.928234828798E-01        8.172974049469E-03       
4.900000000000E+01        2.027682824880E+02        8.982686410572E-02        2.827142653067E-02        2.600928569681E-01        8.039407418795E-01        5.321594885946E-01        9.821956765136E-02        2.254418925583E+10        3.231721428575E+09        6.752325408384E-03        6.582088714000E-02        9.054711424437E-03        5.384674133079E-01        1.293555676893E-01        2.381094911427E-01        -1.852595056812E+00       2.841351035544E-01        9.115983492509E-03       
5.000000000000E+01        1.971721181860E+02        8.618459636149E-02        2.748919475814E-02        2.516325012133E-01        7.899844600327E-01        5.229617554830E-01        9.354483854860E-02        2.211724354853E+10        3.213577252389E+09        6.175468815262E-03        6.281541751907E-02        8.345293460453E-03        5.418695139586E-01        1.280765029982E-01        2.325618162817E-01        -1.988383014126E+00       2.734466858762E-01        6.769689896827E-03       
5.100000000000E+01        1.912544133980E+02        8.273800347483E-02        2.878413370725E-02        2.432886904249E-01        7.759568621418E-01        5.118259291239E-01        9.350840338528E-02        2.185527234196E+10        3.197697058693E+09        5.635050003636E-03        5.938166702017E-02        7.577984024462E-03        5.414654579135E-01        1.264034050574E-01        2.264084870496E-01        -1.962095127029E+00       2.651348654972E-01        8.099879047435E-03       
5.200000000000E+01        1.845274312770E+02        8.025484706428E-02        3.009152532555E-02        2.355771232522E-01        7.616935747505E-01        5.003582746565E-01        9.447589899309E-02        2.159784780372E+10        3.159528074797E+09        5.153721989791E-03        5.586849739476E-02        6.837322718414E-03        5.383456406394E-01        1.252257538167E-01        2.201116325165E-01        -1.940749333098E+00       2.578878109636E-01        9.306267310456E-03       
5.300000000000E+01        1.748382634660E+02        9.752290690256E-02        2.727477243411E-02        2.298115177996E-01        7.428061370859E-01        5.052877388504E-01        7.388873902754E-02        2.152099288771E+10        3.035513581863E+09        4.685903813260E-03        5.168169671484E-02        6.283860436267E-03        5.231134125796E-01        1.265548255766E-01        2.123982940639E-01        -1.881377962169E+00       2.576049089076E-01        7.948278190024E-03       
5.394700000000E+01        1.629947497130E+02        1.206906166281E-01        2.265260236653E-02        2.248594572766E-01        7.241804850782E-01        5.161658801727E-01        3.756522196895E-02        2.125021810573E+10        2.841944260214E+09        4.306166846892E-03        4.749396911574E-02        5.859158046449E-03        4.909785154200E-01        1.333241874039E-01        2.052760394762E-01        -1.658806372802E+00       2.606640574783E-01        8.931439061090E-03       
5.500000000000E+01        1.594594885180E+02        1.164574606685E-01        2.397671444474E-02        2.167081009570E-01        7.100453534856E-01        5.148172488349E-01        3.715556308695E-02        2.089622679846E+10        2.846817119671E+09        3.922010118834E-03        4.519895049508E-02        5.223442409096E-03        4.915445472151E-01        1.253251738421E-01        2.007418677294E-01        -1.640426934435E+00       2.506112148815E-01        9.961473379434E-03       
5.597300000000E+01        1.524086559560E+02        1.165372072150E-01        2.411567101668E-02        2.103701688205E-01        6.964153444667E-01        5.090363001032E-01        3.769144007432E-02        2.083157093121E+10        2.859419656137E+09        3.539639110481E-03        4.134210316958E-02        4.712182198631E-03        4.919934186113E-01        1.286616946000E-01        1.915615414808E-01        -1.644933635324E+00       2.470037130967E-01        1.045971785390E-02       
5.694600000000E+01        1.475059417540E+02        1.177294354038E-01        2.442665394279E-02        2.039740728391E-01        6.824305868564E-01        5.020091784525E-01        3.876837500324E-02        2.062108199830E+10        2.919807549949E+09        3.181922540082E-03        3.832962369147E-02        4.275497887996E-03        4.962000577097E-01        1.286197265228E-01        1.833402482417E-01        -1.574775406903E+00       2.446728963491E-01        8.167888744319E-03       
5.802700000000E+01        1.398439076160E+02        1.181662584256E-01        2.516699242833E-02        1.971200534504E-01        6.665973673208E-01        4.940045582661E-01        3.906665423289E-02        2.038787748445E+10        2.943441316785E+09        2.824805610007E-03        3.457078024229E-02        3.811201849935E-03        4.998091167246E-01        1.289636187139E-01        1.735053086045E-01        -1.402984129947E+00       2.387183916782E-01        1.070335795160E-02       
5.910000000000E+01        1.327759549200E+02        1.200287212244E-01        2.598056612410E-02        1.906665915624E-01        6.507741403884E-01        4.878938762798E-01        3.991612623371E-02        1.977191616370E+10        2.958326103534E+09        2.515785609574E-03        3.169661400135E-02        3.387239214763E-03        5.013379697793E-01        1.290794562410E-01        1.651440477431E-01        -1.708281955281E+00       2.314099948418E-01        1.088788790907E-02       
6.000000000000E+01        1.278907809370E+02        1.208222191927E-01        2.716730476133E-02        1.852621984862E-01        6.381867442630E-01        4.773258960936E-01        4.146767324593E-02        1.966680804835E+10        2.998044209798E+09        2.276153629609E-03        2.909820892518E-02        3.124654111657E-03        5.094088290016E-01        1.292008609144E-01        1.578848854128E-01        -1.620608432986E+00       2.283336806791E-01        1.289403158824E-02       
6.100000000000E+01        1.189818338940E+02        1.204219045671E-01        2.623758731565E-02        1.790077359735E-01        6.266628225463E-01        4.672540813679E-01        3.511233495825E-02        1.960776374002E+10        2.953087853264E+09        2.017937711097E-03        2.593421258147E-02        2.713790493489E-03        5.046103471778E-01        1.323467461626E-01        1.480947288733E-01        -1.557572825958E+00       2.260978987051E-01        1.446841578382E-02       
6.196400000000E+01        1.144433950670E+02        1.211570732525E-01        2.733065985694E-02        1.735079381317E-01        6.140960103248E-01        4.579384246134E-01        3.715790049399E-02        1.950404711348E+10        2.994693687845E+09        1.813779079397E-03        2.371866526856E-02        2.484333823122E-03        5.137376885271E-01        1.320876195354E-01        1.412934042917E-01        -1.468804857594E+00       2.229492156141E-01        1.642620092992E-02       
6.303600000000E+01        1.076627227650E+02        1.244240410559E-01        2.864635586146E-02        1.677290231386E-01        5.990217633448E-01        4.501159087862E-01        3.949244412733E-02        1.927826836957E+10        3.012058376412E+09        1.600514620337E-03        2.105841405450E-02        2.197807918439E-03        5.186495122698E-01        1.326725399171E-01        1.328999098972E-01        -1.366647691865E+00       2.217864550725E-01        1.853573059144E-02       
6.400000000000E+01        1.007652027370E+02        1.297872011237E-01        2.958517332874E-02        1.631881178456E-01        5.827362742679E-01        4.409468546971E-01        4.187005062876E-02        1.907517733686E+10        2.993992600605E+09        1.425586104132E-03        1.873028652515E-02        1.947408598811E-03        5.165067192651E-01        1.344289767329E-01        1.251356675965E-01        -1.260372393387E+00       2.199524421947E-01        2.011652707043E-02       
6.500000000000E+01        9.646134700870E+01        1.347881111180E-01        3.058364887403E-02        1.578020941867E-01        5.676353194669E-01        4.372117337064E-01        4.340581404141E-02        1.855831829739E+10        3.002114784673E+09        1.278661962186E-03        1.708175419038E-02        1.778003661770E-03        5.318632022059E-01        1.344498783502E-01        1.200278122190E-01        -1.185342437607E+00       2.194494740425E-01        2.191958512581E-02       
6.600000000000E+01        8.525350784630E+01        1.449071425421E-01        3.073686525585E-02        1.530932979224E-01        5.502602955880E-01        4.188557259056E-01        4.268579452867E-02        1.876237812480E+10        2.805357398800E+09        1.119677528324E-03        1.401772649928E-02        1.485496211620E-03        5.100298257477E-01        1.426562769608E-01        1.098727687923E-01        -9.906909314775E-01       2.265192803589E-01        2.587973316935E-02       
6.694700000000E+01        8.032824683000E+01        1.468261819576E-01        3.019943505818E-02        1.481430173439E-01        5.362814208172E-01        4.117377074260E-01        3.652488730805E-02        1.764728035010E+10        2.817733916032E+09        9.815675738518E-04        1.278804969558E-02        1.385327385114E-03        5.379593879704E-01        1.449048545617E-01        1.033736620725E-01        -1.037083981925E+00       2.203769999965E-01        2.534140806134E-02       
6.800000000000E+01        7.366733273790E+01        1.524779434402E-01        3.095826346291E-02        1.423711550696E-01        5.189754373424E-01        4.009458832249E-01        3.891319675325E-02        1.732334730514E+10        2.808805675420E+09        8.466336834722E-04        1.081541774604E-02        1.198208449498E-03        5.479169154634E-01        1.473070339525E-01        9.562565126596E-02        -8.727368601732E-01       2.221557653331E-01        2.928957115887E-02       
6.905300000000E+01        6.734195775720E+01        1.583975601312E-01        3.286411245467E-02        1.364655396423E-01        5.009641925965E-01        3.887544381778E-01        4.289008782551E-02        1.649357678971E+10        2.814115967147E+09        7.198644333562E-04        9.283929989538E-03        1.027918048924E-03        5.585031139891E-01        1.502819729573E-01        8.815895128381E-02        -7.421933143258E-01       2.222885105276E-01        3.362387119819E-02       
7.000000000000E+01        6.285232785160E+01        1.632872164422E-01        3.347297391717E-02        1.308555200168E-01        4.820986325571E-01        3.796469505096E-01        4.536174065093E-02        1.592776861773E+10        2.857471057170E+09        6.156863560907E-04        7.939260107580E-03        8.918776065855E-04        5.787382334372E-01        1.509645844994E-01        8.191779788586E-02        -7.867641199600E-01       2.212283800539E-01        3.432570659612E-02       
7.094700000000E+01        5.867216757410E+01        1.611740410689E-01        3.450404143350E-02        1.254515560432E-01        4.684350564316E-01        3.646402015247E-01        4.800466656010E-02        1.604358699107E+10        2.859741947318E+09        5.350674194469E-04        6.876796542191E-03        7.779670085838E-04        5.761053149573E-01        1.541232919833E-01        7.644612496585E-02        -6.811621950036E-01       2.159655795605E-01        3.419281845085E-02       
7.210800000000E+01        5.529499040600E+01        1.557932958439E-01        3.428346034317E-02        1.172071709516E-01        4.488709834553E-01        3.515990157913E-01        4.844977261840E-02        1.579674239100E+10        2.961662166896E+09        4.266005957165E-04        6.000182591416E-03        6.350313485828E-04        5.777387462715E-01        1.523991424786E-01        7.023330213968E-02        -5.180617083512E-01       2.025283000308E-01        3.608483200903E-02       
7.318900000000E+01        5.084969726120E+01        1.531450709159E-01        3.448525728093E-02        1.098565753205E-01        4.269816415242E-01        3.345248650387E-01        4.938188885219E-02        1.546326346673E+10        3.013733753865E+09        3.389342777675E-04        5.041360403413E-03        5.063656460723E-04        5.667937909091E-01        1.531688415456E-01        6.384194405478E-02        -5.528325191534E-01       1.920452514643E-01        3.432681810535E-02       
7.405400000000E+01        4.799550858110E+01        1.455821466368E-01        3.375540232337E-02        1.029993534971E-01        4.088894978665E-01        3.185741897504E-01        4.880116832917E-02        1.556244926939E+10        3.100561928971E+09        2.741480233835E-04        4.364713820236E-03        4.143206868183E-04        5.669948846758E-01        1.508078459416E-01        5.893145825611E-02        -4.777970927981E-01       1.789989934257E-01        3.396194375841E-02       
7.502700000000E+01        4.304414588650E+01        1.417464890038E-01        3.274684424118E-02        9.496308274305E-02        3.813372389300E-01        2.921812329883E-01        4.752803545988E-02        1.552973292300E+10        3.138846934197E+09        2.053629462821E-04        3.369183515611E-03        3.145177151891E-04        5.631014015835E-01        1.529632429925E-01        5.207919106915E-02        -4.148873253434E-01       1.682637350388E-01        3.428827240152E-02       
7.589200000000E+01        3.867163734310E+01        1.364312005998E-01        3.102890315747E-02        8.672902580817E-02        3.531069738105E-01        2.697850195298E-01        4.480385776104E-02        1.577034650094E+10        3.215249774140E+09        1.509706945891E-04        2.498702295249E-03        2.307845370440E-04        5.513734640369E-01        1.523683983898E-01        4.582618229256E-02        -4.434720021596E-01       1.582116318323E-01        3.298804364028E-02       
7.694700000000E+01        3.367730689740E+01        1.233254252379E-01        2.591661191244E-02        7.492918338554E-02        3.157841499090E-01        2.416561555888E-01        3.980352351218E-02        1.692695905925E+10        3.601425577440E+09        8.796210391018E-05        1.615765390150E-03        1.459535727187E-04        5.583111670224E-01        1.507152286295E-01        3.617114396678E-02        -6.116007686430E-01       1.363600509608E-01        2.765923677308E-02       
7.778900000000E+01        2.903317244350E+01        1.114751991739E-01        2.302113785973E-02        6.381928590550E-02        2.717979345699E-01        2.045593042413E-01        3.525812574863E-02        1.840897565904E+10        3.905650225672E+09        5.085031577856E-05        9.429667270991E-04        8.655629876865E-05        5.561658318162E-01        1.456363175865E-01        2.886697193453E-02        -6.682187516872E-01       1.176482123786E-01        2.502765679232E-02       
7.880000000000E+01        1.239179967870E+01        4.098417061986E-02        1.652313273293E-02        4.469198015369E-02        2.424514264940E-01        2.689687906208E-01        2.753026766754E-02        2.826002384035E+10        5.222179499929E+09        7.485161185991E-06        2.231079587793E-04        1.264292318147E-05        6.246420216057E-01        3.618194716306E-02        8.579369483364E-03        -4.895203121285E-01       5.212340087238E-02        1.927115630326E-02       
7.900000000000E+01        1.055880673190E+01        3.783174546970E-02        1.525220450872E-02        4.125435728346E-02        2.238025197826E-01        2.482802182455E-01        2.541269137233E-02        2.826002384012E+10        5.222179499929E+09        5.434530992873E-06        1.619854384739E-04        9.179275657897E-06        6.246420216054E-01        3.618194716300E-02        7.310310576728E-03        -4.895203126229E-01       4.811416713101E-02        1.778885528635E-02       
7.950000000000E+01        5.423302421890E+00        2.711320577929E-02        1.093092994512E-02        2.956611872981E-02        1.603944966699E-01        1.779371415339E-01        1.821273435858E-02        2.826002384012E+10        5.222179499930E+09        1.433705774050E-06        4.273403882512E-05        2.421622128811E-06        6.246420215993E-01        3.618194716332E-02        3.754782719516E-03        -4.895203121821E-01       3.448239826256E-02        1.274889350121E-02       
7.998000000000E+01        2.225690315900E-01        5.492642422608E-03        2.214407622036E-03        5.989557978881E-03        3.249300816509E-02        3.604682899242E-02        3.689568772755E-03        2.826002384001E+10        5.222179499929E+09        2.414692654011E-09        7.197402109853E-08        4.078572655151E-09        6.246420216093E-01        3.618194716280E-02        1.540939982140E-04        -4.895203121418E-01       6.985506807451E-03        2.582693977853E-03       
