1  number of sets, Nset
-----------------
#1  Blade structural data for HAWC2/HAWCStab2
========================================================================================================================================================================================================================================================================================================================================================================================================================================================================
arc                       m_pm                      x_cg                      y_cg                      ri_x                      ri_y                      theta_s                   x_ec                      y_ec                      K_11                      K_12                      K_13                      K_14                      K_15                      K_16                      K_22                      K_23                      K_24                      K_25                      K_26                      K_33                      K_34                      K_35                      K_36                      K_44                      K_45                      K_46                      K_55                      K_56                      K_66                      
========================================================================================================================================================================================================================================================================================================================================================================================================================================================================
$1  83 Flexible
0.000000000000E+00        2.956096206850E+03        1.444857886669E-04        1.398181935352E-05        1.368111775391E+00        1.368469421726E+00        -1.298405153455E+00       1.444801292086E-04        1.398246113537E-05        6.412523311193E+09        2.391681922041E+04        0.000000000000E+00        0.000000000000E+00        0.000000000000E+00        1.106594635408E+04        6.408998352197E+09        0.000000000000E+00        0.000000000000E+00        0.000000000000E+00        8.744727969425E+04        4.000591226620E+10        0.000000000000E+00        0.000000000000E+00        0.000000000000E+00        2.246192069462E+10        -1.107119463268E-06       0.000000000000E+00        5.243855835470E+10        0.000000000000E+00        1.437523250051E+10       
1.142900000000E+00        2.592180674360E+03        -2.361346237442E-04       1.964563597700E-05        1.373403576780E+00        1.374126676166E+00        -7.034447873886E+01       -2.370224776348E-04       1.733655679218E-05        5.623394595208E+09        3.524222943947E+06        0.000000000000E+00        0.000000000000E+00        0.000000000000E+00        -1.233144727062E+05       5.642574119762E+09        0.000000000000E+00        0.000000000000E+00        0.000000000000E+00        3.723241888972E+04        3.517073643840E+10        0.000000000000E+00        0.000000000000E+00        0.000000000000E+00        1.982007250424E+10        -1.773110106340E-03       0.000000000000E+00        4.669168117662E+10        0.000000000000E+00        1.273518348273E+10       
2.200700000000E+00        1.935369168690E+03        -1.139707485153E-03       -3.475436785977E-04       1.385161545007E+00        1.385909997973E+00        -6.993626417025E+01       -1.333417929315E-03       3.348853007936E-04        4.171022942609E+09        2.637823213539E+07        0.000000000000E+00        0.000000000000E+00        0.000000000000E+00        -1.224798200463E+07       4.239693217001E+09        0.000000000000E+00        0.000000000000E+00        0.000000000000E+00        5.044124142920E+06        2.625933663490E+10        0.000000000000E+00        0.000000000000E+00        0.000000000000E+00        1.486754257830E+10        -1.153714251579E-05       0.000000000000E+00        3.589436822109E+10        0.000000000000E+00        9.674041017942E+09       
3.001200000000E+00        1.483126689180E+03        -1.432568414317E-02       -4.312531840349E-03       1.408406459109E+00        1.392612532032E+00        -5.873377563713E+01       -1.468679647301E-02       1.503016514917E-03        3.096307277930E+09        8.141317014626E+07        0.000000000000E+00        0.000000000000E+00        0.000000000000E+00        -1.818491211638E+07       3.144885251430E+09        0.000000000000E+00        0.000000000000E+00        0.000000000000E+00        7.557459461790E+06        1.950998367940E+10        0.000000000000E+00        0.000000000000E+00        0.000000000000E+00        1.122501830480E+10        -5.816319497695E-03       0.000000000000E+00        2.733586581350E+10        0.000000000000E+00        7.330384185081E+09       
4.100700000000E+00        9.037483274050E+02        1.919964533735E-02        -9.529250318502E-03       1.379865496597E+00        1.366855630113E+00        -5.939164909431E+01       1.911302963682E-02        -2.701384879561E-03       1.896689072315E+09        3.994094052733E+06        0.000000000000E+00        0.000000000000E+00        0.000000000000E+00        -1.109180138205E+08       1.614813666205E+09        0.000000000000E+00        0.000000000000E+00        0.000000000000E+00        6.371264293535E+07        1.015027557260E+10        0.000000000000E+00        0.000000000000E+00        0.000000000000E+00        5.746145250041E+09        1.797345550323E-02        0.000000000000E+00        1.496514487885E+10        0.000000000000E+00        3.929173977874E+09       
5.100800000000E+00        8.696112920240E+02        4.855254314905E-02        -1.017106874556E-02       1.385662829877E+00        1.404481913241E+00        -4.561616705141E+01       4.625085309091E-02        -3.662590247140E-03       1.801735146690E+09        -6.359652451981E+06       0.000000000000E+00        0.000000000000E+00        0.000000000000E+00        -9.572085823435E+07       1.545647950940E+09        0.000000000000E+00        0.000000000000E+00        0.000000000000E+00        9.712271573650E+07        9.776339397660E+09        0.000000000000E+00        0.000000000000E+00        0.000000000000E+00        5.689172343115E+09        -5.152754698263E-03       0.000000000000E+00        1.488932130938E+10        0.000000000000E+00        3.836529905554E+09       
6.200700000000E+00        8.261561142530E+02        9.087949479559E-02        -9.513481893209E-03       1.374892897147E+00        1.464280345222E+00        -3.317574137865E+01       9.412029412908E-02        -2.955177963136E-03       1.695320945948E+09        7.518608952592E+06        0.000000000000E+00        0.000000000000E+00        0.000000000000E+00        -1.192951333402E+08       1.420155229972E+09        0.000000000000E+00        0.000000000000E+00        0.000000000000E+00        1.396988365444E+08        9.383542376810E+09        0.000000000000E+00        0.000000000000E+00        0.000000000000E+00        5.535378539021E+09        -1.217707140352E-04       0.000000000000E+00        1.497203309507E+10        0.000000000000E+00        3.645279939957E+09       
6.900600000000E+00        7.951985904880E+02        1.249799840910E-01        -1.477590217532E-02       1.357372040044E+00        1.511961678322E+00        -2.665790106107E+01       1.347877026221E-01        -9.391162500799E-03       1.630794341809E+09        1.433788118385E+07        0.000000000000E+00        0.000000000000E+00        0.000000000000E+00        -1.351037846534E+08       1.307642706791E+09        0.000000000000E+00        0.000000000000E+00        0.000000000000E+00        2.072018244065E+08        9.097661647430E+09        0.000000000000E+00        0.000000000000E+00        0.000000000000E+00        5.355162328347E+09        2.065807800677E-03        0.000000000000E+00        1.503818147280E+10        0.000000000000E+00        3.464289013556E+09       
8.100200000000E+00        7.719136570290E+02        1.205523098810E-01        -3.660713066803E-02       1.299711484451E+00        1.597757434639E+00        -1.924007118890E+01       1.905608276634E-01        -3.113795387025E-02       1.551265472565E+09        -2.871996440419E+07       0.000000000000E+00        0.000000000000E+00        0.000000000000E+00        -8.163305842661E+07       1.166353250035E+09        0.000000000000E+00        0.000000000000E+00        0.000000000000E+00        2.399603487685E+08        8.832068753200E+09        0.000000000000E+00        0.000000000000E+00        0.000000000000E+00        5.020029644141E+09        1.310001645596E-03        0.000000000000E+00        1.548511924003E+10        0.000000000000E+00        3.113537928323E+09       
8.900000000000E+00        7.489678860730E+02        1.570479876377E-01        -3.928335416338E-02       1.257190148671E+00        1.658179070422E+00        -1.518020976200E+01       2.390398833958E-01        -3.627343874464E-02       1.494096613141E+09        -2.223054427696E+07       0.000000000000E+00        0.000000000000E+00        0.000000000000E+00        -1.325740932180E+08       1.043386614849E+09        0.000000000000E+00        0.000000000000E+00        0.000000000000E+00        3.713377739389E+08        8.721682859080E+09        0.000000000000E+00        0.000000000000E+00        0.000000000000E+00        4.772553778306E+09        -7.371345551933E-03       0.000000000000E+00        1.595031385652E+10        0.000000000000E+00        2.866517839654E+09       
1.020000000000E+01        7.073572279000E+02        2.035019244256E-01        -3.998342924687E-02       1.187034447228E+00        1.736000915608E+00        -1.175711542619E+01       3.120815132007E-01        -4.165293413054E-02       1.472898125764E+09        -1.140955688594E+08       0.000000000000E+00        0.000000000000E+00        0.000000000000E+00        1.346056168398E+08        9.942626700864E+08        0.000000000000E+00        0.000000000000E+00        0.000000000000E+00        1.310449377126E+08        8.459836668640E+09        0.000000000000E+00        0.000000000000E+00        0.000000000000E+00        4.282645798075E+09        1.747771637328E-05        0.000000000000E+00        1.616049543486E+10        0.000000000000E+00        2.653362399119E+09       
1.100000000000E+01        6.791752236070E+02        2.287768333167E-01        -3.695062710271E-02       1.149058494475E+00        1.759490900073E+00        -1.069542797925E+01       3.482087043759E-01        -4.021188836242E-02       1.374710080123E+09        -6.096045289832E+07       0.000000000000E+00        0.000000000000E+00        0.000000000000E+00        -1.648056884891E+07       8.527982957566E+08        0.000000000000E+00        0.000000000000E+00        0.000000000000E+00        3.467693609398E+08        8.230113242190E+09        0.000000000000E+00        0.000000000000E+00        0.000000000000E+00        3.959929418502E+09        -3.429947120607E-04       0.000000000000E+00        1.583461153503E+10        0.000000000000E+00        2.288374035279E+09       
1.199900000000E+01        6.344338445540E+02        2.559975470211E-01        -3.162671483566E-02       1.105093434522E+00        1.769290587586E+00        -1.018494542626E+01       3.926232391904E-01        -3.764389592844E-02       1.264711348700E+09        -5.276609185843E+07       0.000000000000E+00        0.000000000000E+00        0.000000000000E+00        -2.179565150041E+07       7.938969155930E+08        0.000000000000E+00        0.000000000000E+00        0.000000000000E+00        2.502073695703E+08        7.925932660880E+09        0.000000000000E+00        0.000000000000E+00        0.000000000000E+00        3.596385646383E+09        9.957820130459E-04        0.000000000000E+00        1.495275001411E+10        0.000000000000E+00        1.980128757576E+09       
1.289900000000E+01        6.176864352480E+02        2.726631431308E-01        -2.718479569550E-02       1.066704287180E+00        1.770130121566E+00        -9.473248937211E+00       4.219592521727E-01        -3.564248468760E-02       1.229498253511E+09        -3.665336237518E+07       0.000000000000E+00        0.000000000000E+00        0.000000000000E+00        -4.144970339968E+07       7.399039034696E+08        0.000000000000E+00        0.000000000000E+00        0.000000000000E+00        2.830247173071E+08        7.948068520980E+09        0.000000000000E+00        0.000000000000E+00        0.000000000000E+00        3.406280162708E+09        -8.756927306507E-04       0.000000000000E+00        1.462517251425E+10        0.000000000000E+00        1.801803262507E+09       
1.399900000000E+01        5.988428485740E+02        2.853977931956E-01        -2.222013680816E-02       1.019579454687E+00        1.752482279954E+00        -8.812449298543E+00       4.515365740604E-01        -3.296833152918E-02       1.190263436739E+09        -3.009581508902E+07       0.000000000000E+00        0.000000000000E+00        0.000000000000E+00        -3.468948100325E+07       6.918550247261E+08        0.000000000000E+00        0.000000000000E+00        0.000000000000E+00        2.765517653366E+08        7.996967259040E+09        -2.945050946371E-08       -4.565732364898E-09       0.000000000000E+00        3.176430319778E+09        -1.101518854859E-04       0.000000000000E+00        1.399508835854E+10        0.000000000000E+00        1.602491287765E+09       
1.505200000000E+01        5.770965138590E+02        2.817173516503E-01        -1.608048102420E-02       9.722219979125E-01        1.723240116410E+00        -8.170697403627E+00       4.611362277552E-01        -2.836217982016E-02       1.150761256760E+09        -2.354471357650E+07       0.000000000000E+00        0.000000000000E+00        0.000000000000E+00        -3.366902732334E+07       6.461481410406E+08        0.000000000000E+00        0.000000000000E+00        0.000000000000E+00        2.652251859637E+08        7.952994490420E+09        0.000000000000E+00        0.000000000000E+00        0.000000000000E+00        2.906135175038E+09        -7.473931634949E-04       0.000000000000E+00        1.316203461635E+10        0.000000000000E+00        1.412802362688E+09       
1.599900000000E+01        5.611030712980E+02        2.772116177019E-01        -1.164320076395E-02       9.297049574720E-01        1.690152505550E+00        -7.591207432042E+00       4.654142155436E-01        -2.522395007346E-02       1.125261252391E+09        -1.857600152458E+07       0.000000000000E+00        0.000000000000E+00        0.000000000000E+00        -3.085773531384E+07       6.136953334418E+08        0.000000000000E+00        0.000000000000E+00        0.000000000000E+00        2.500029189482E+08        7.961862669690E+09        0.000000000000E+00        0.000000000000E+00        0.000000000000E+00        2.683681165478E+09        -2.069008917815E-05       0.000000000000E+00        1.244760511202E+10        0.000000000000E+00        1.268658864667E+09       
1.694600000000E+01        5.369713701320E+02        2.728041534393E-01        -7.782309144178E-03       8.889986711431E-01        1.650390242150E+00        -7.266092112279E+00       4.713511863442E-01        -2.271059932613E-02       1.070119907342E+09        -1.497417479058E+07       0.000000000000E+00        0.000000000000E+00        0.000000000000E+00        -2.825108262663E+07       5.748701646005E+08        0.000000000000E+00        0.000000000000E+00        0.000000000000E+00        2.289377335575E+08        7.865896876990E+09        0.000000000000E+00        0.000000000000E+00        0.000000000000E+00        2.446665321415E+09        -2.904622548797E-04       0.000000000000E+00        1.146498077087E+10        0.000000000000E+00        1.104799499598E+09       
1.810400000000E+01        5.103757997510E+02        2.658988783211E-01        -8.421639906706E-03       8.401510226082E-01        1.601274380798E+00        -6.883792392260E+00       4.753969476994E-01        -2.499330715589E-02       1.007883246740E+09        -1.302689343890E+07       0.000000000000E+00        0.000000000000E+00        0.000000000000E+00        -1.171231531070E+07       5.447759863808E+08        0.000000000000E+00        0.000000000000E+00        0.000000000000E+00        1.807338318050E+08        7.773493766280E+09        0.000000000000E+00        0.000000000000E+00        0.000000000000E+00        2.183419484751E+09        -1.304161095519E-03       0.000000000000E+00        1.038675094286E+10        0.000000000000E+00        9.451181618744E+08       
1.915700000000E+01        4.933682026310E+02        2.599677427873E-01        -6.084143579669E-03       7.995759373016E-01        1.553691129893E+00        -6.466324257454E+00       4.743849056480E-01        -2.342838850983E-02       9.771744257604E+08        -7.563392951993E+06       0.000000000000E+00        0.000000000000E+00        0.000000000000E+00        -1.067451910374E+07       5.123113134146E+08        0.000000000000E+00        0.000000000000E+00        0.000000000000E+00        1.714686659950E+08        7.795368727360E+09        0.000000000000E+00        0.000000000000E+00        0.000000000000E+00        1.994271378333E+09        1.448913220503E-02        0.000000000000E+00        9.629896793248E+09        0.000000000000E+00        8.285140108088E+08       
1.999900000000E+01        4.736037523010E+02        2.568120717183E-01        -4.201620523638E-03       7.699981235906E-01        1.514977021505E+00        -6.268223478853E+00       4.761552652885E-01        -2.216839415923E-02       9.278500324797E+08        -6.254296834862E+06       0.000000000000E+00        0.000000000000E+00        0.000000000000E+00        -8.712576703643E+06       4.837207821983E+08        0.000000000000E+00        0.000000000000E+00        0.000000000000E+00        1.564323689842E+08        7.728012987340E+09        0.000000000000E+00        0.000000000000E+00        0.000000000000E+00        1.843454528892E+09        1.197244549879E-03        0.000000000000E+00        8.911926585445E+09        0.000000000000E+00        7.297363013896E+08       
2.110400000000E+01        4.411186418850E+02        2.298875046896E-01        -9.753151234768E-04       7.361921056746E-01        1.486075469305E+00        -5.802632159934E+00       4.690441182740E-01        -2.033042559396E-02       8.931748336909E+08        1.222192326709E+07        0.000000000000E+00        0.000000000000E+00        0.000000000000E+00        -3.084543269933E+06       3.940457591931E+08        0.000000000000E+00        0.000000000000E+00        0.000000000000E+00        1.260943018283E+08        7.655180842610E+09        0.000000000000E+00        0.000000000000E+00        0.000000000000E+00        1.664142296875E+09        -7.632390219772E-05       0.000000000000E+00        8.197930189060E+09        0.000000000000E+00        6.263689276164E+08       
2.194700000000E+01        4.276267232310E+02        2.281898713603E-01        3.768571433524E-04        7.090550650246E-01        1.448687250760E+00        -5.582339278064E+00       4.698803810829E-01        -1.942631334558E-02       8.571603879912E+08        1.189271868973E+07        0.000000000000E+00        0.000000000000E+00        0.000000000000E+00        -2.589784713308E+06       3.734629334668E+08        0.000000000000E+00        0.000000000000E+00        0.000000000000E+00        1.172443953424E+08        7.641021810180E+09        0.000000000000E+00        0.000000000000E+00        0.000000000000E+00        1.548652294582E+09        1.302414039086E-05        0.000000000000E+00        7.652915210573E+09        0.000000000000E+00        5.577084953822E+08       
2.299900000000E+01        4.157671006190E+02        2.255461907640E-01        1.905229872214E-03        6.747109894606E-01        1.402756903367E+00        -5.206084116409E+00       4.700551247551E-01        -1.810918068097E-02       8.275456412356E+08        1.428300626898E+07        0.000000000000E+00        0.000000000000E+00        0.000000000000E+00        -8.279144262717E+06       3.483358483764E+08        0.000000000000E+00        0.000000000000E+00        0.000000000000E+00        1.183004277308E+08        7.676665448100E+09        0.000000000000E+00        0.000000000000E+00        0.000000000000E+00        1.415044096450E+09        2.759011676247E-05        0.000000000000E+00        7.072075981844E+09        0.000000000000E+00        4.854058737975E+08       
2.389900000000E+01        4.029892597910E+02        2.244376032160E-01        2.825355936832E-03        6.484758200161E-01        1.365723313782E+00        -4.936633787334E+00       4.692199266774E-01        -1.754743365912E-02       7.932684041022E+08        1.310952906702E+07        0.000000000000E+00        0.000000000000E+00        0.000000000000E+00        -6.667698244525E+06       3.298487636348E+08        0.000000000000E+00        0.000000000000E+00        0.000000000000E+00        1.093553114050E+08        7.662520069830E+09        0.000000000000E+00        0.000000000000E+00        0.000000000000E+00        1.310262152022E+09        -1.124569616536E-03       0.000000000000E+00        6.594161407539E+09        0.000000000000E+00        4.304370539462E+08       
2.499900000000E+01        4.151835982390E+02        1.405877935457E-01        3.012536625905E-02        6.064281852746E-01        1.338452696855E+00        -5.301371063475E+00       4.272174597985E-01        -5.811497934412E-03       8.453751325571E+08        5.858157386926E+07        0.000000000000E+00        0.000000000000E+00        0.000000000000E+00        -7.642122269498E+07       3.316057717769E+08        0.000000000000E+00        0.000000000000E+00        0.000000000000E+00        6.567245553969E+07        7.860669771230E+09        0.000000000000E+00        0.000000000000E+00        0.000000000000E+00        1.197373741330E+09        -1.332935858876E-05       0.000000000000E+00        6.471972101558E+09        0.000000000000E+00        3.954562458766E+08       
2.594700000000E+01        4.048986988340E+02        1.401638634336E-01        3.003043468827E-02        5.819711880214E-01        1.301893027016E+00        -5.031661396849E+00       4.259904686975E-01        -5.974408953099E-03       8.151873544673E+08        5.652170132880E+07        0.000000000000E+00        0.000000000000E+00        0.000000000000E+00        -7.195707444994E+07       3.147380991987E+08        0.000000000000E+00        0.000000000000E+00        0.000000000000E+00        6.079280846026E+07        7.882926280410E+09        0.000000000000E+00        0.000000000000E+00        0.000000000000E+00        1.109942997448E+09        6.059388330436E-05        0.000000000000E+00        6.057018765804E+09        0.000000000000E+00        3.517242801396E+08       
2.710000000000E+01        3.906223394910E+02        1.431164169503E-01        2.891283652547E-02        5.529803459257E-01        1.256726734547E+00        -4.663507582395E+00       4.248389953860E-01        -6.571028481206E-03       7.762028169179E+08        5.241663261584E+07        0.000000000000E+00        0.000000000000E+00        0.000000000000E+00        -6.484453842093E+07       2.937455752981E+08        0.000000000000E+00        0.000000000000E+00        0.000000000000E+00        5.606578076398E+07        7.885118305740E+09        0.000000000000E+00        0.000000000000E+00        0.000000000000E+00        1.005561766618E+09        1.374473347594E-05        0.000000000000E+00        5.561783093361E+09        0.000000000000E+00        3.027725995499E+08       
2.800000000000E+01        3.826712455170E+02        1.466207193441E-01        2.726580146126E-02        5.331752340900E-01        1.224663160289E+00        -4.364913246343E+00       4.240143145589E-01        -7.231599008485E-03       7.549970238994E+08        4.875913124404E+07        0.000000000000E+00        0.000000000000E+00        0.000000000000E+00        -5.888251594846E+07       2.805831705776E+08        0.000000000000E+00        0.000000000000E+00        0.000000000000E+00        5.396093619112E+07        7.928112305070E+09        0.000000000000E+00        0.000000000000E+00        0.000000000000E+00        9.404211863571E+08        1.851874825475E-05        0.000000000000E+00        5.252941387329E+09        0.000000000000E+00        2.739321405885E+08       
2.899900000000E+01        3.656691701010E+02        1.685729867037E-01        2.587255720338E-02        5.145256992205E-01        1.182851730508E+00        -4.104018228320E+00       4.272755695503E-01        -7.840049275176E-03       7.217379317317E+08        4.565854575584E+07        0.000000000000E+00        0.000000000000E+00        0.000000000000E+00        -5.367882485136E+07       2.416182620863E+08        0.000000000000E+00        0.000000000000E+00        0.000000000000E+00        7.878894519584E+07        7.910487698320E+09        -7.431475566836E-09       -5.332186519341E-10       0.000000000000E+00        8.657060194899E+08        -6.085701007295E-05       0.000000000000E+00        4.848616837161E+09        0.000000000000E+00        2.410777077132E+08       
2.989900000000E+01        3.570297435590E+02        1.681617845685E-01        2.528914697811E-02        4.970693574982E-01        1.154882537526E+00        -3.883070253654E+00       4.249178126781E-01        -8.160664565760E-03       6.948109463117E+08        4.184474712853E+07        0.000000000000E+00        0.000000000000E+00        0.000000000000E+00        -4.826828465075E+07       2.203117236453E+08        0.000000000000E+00        0.000000000000E+00        0.000000000000E+00        9.149161677686E+07        7.921078393740E+09        7.433476540653E-09        5.045569847076E-10        0.000000000000E+00        8.103762474807E+08        6.235870090929E-06        0.000000000000E+00        4.578531737711E+09        0.000000000000E+00        2.179616490859E+08       
3.100000000000E+01        3.520385569620E+02        1.418212109567E-01        2.322964697635E-02        4.725967436262E-01        1.137689943782E+00        -3.260484133324E+00       3.958284414093E-01        -8.481488759129E-03       6.892525874863E+08        4.214269501853E+07        0.000000000000E+00        0.000000000000E+00        0.000000000000E+00        -5.107759092305E+07       2.250913488977E+08        0.000000000000E+00        0.000000000000E+00        0.000000000000E+00        6.278928924639E+07        7.950738745060E+09        0.000000000000E+00        0.000000000000E+00        0.000000000000E+00        7.372241771754E+08        1.447463308056E-06        0.000000000000E+00        4.555761638283E+09        0.000000000000E+00        1.962008017409E+08       
3.200000000000E+01        3.413540861790E+02        1.414153596339E-01        2.229913352231E-02        4.557042457308E-01        1.111368152289E+00        -3.045501402519E+00       3.913388929447E-01        -8.606565347651E-03       6.621634198366E+08        3.897866808956E+07        0.000000000000E+00        0.000000000000E+00        0.000000000000E+00        -4.635810814954E+07       2.139718286174E+08        0.000000000000E+00        0.000000000000E+00        0.000000000000E+00        5.997319813167E+07        7.847301004870E+09        0.000000000000E+00        0.000000000000E+00        0.000000000000E+00        6.776352550952E+08        2.526532188120E-06        0.000000000000E+00        4.265474254456E+09        0.000000000000E+00        1.758925954484E+08       
3.300000000000E+01        3.347818240040E+02        1.387831742480E-01        2.169110451051E-02        4.384790820269E-01        1.085207840061E+00        -2.826906246989E+00       3.847175747617E-01        -8.426537885204E-03       6.483733594413E+08        3.704503457650E+07        0.000000000000E+00        0.000000000000E+00        0.000000000000E+00        -4.317166593944E+07       2.050072704287E+08        0.000000000000E+00        0.000000000000E+00        0.000000000000E+00        5.811628911581E+07        7.802196155320E+09        0.000000000000E+00        0.000000000000E+00        0.000000000000E+00        6.242438892010E+08        -5.404725258914E-06       0.000000000000E+00        4.034428056592E+09        0.000000000000E+00        1.600395017050E+08       
3.410000000000E+01        3.228815885410E+02        1.305682276890E-01        2.680008325353E-02        4.199357967910E-01        1.063904787272E+00        -2.548201367740E+00       3.772735441297E-01        -4.735227313343E-03       6.073677832063E+08        3.107480811695E+07        0.000000000000E+00        0.000000000000E+00        0.000000000000E+00        -4.835545457409E+07       1.945966416257E+08        0.000000000000E+00        0.000000000000E+00        0.000000000000E+00        5.325542986256E+07        7.667563889360E+09        0.000000000000E+00        0.000000000000E+00        0.000000000000E+00        5.679499111305E+08        1.566037452319E-06        0.000000000000E+00        3.774377475412E+09        0.000000000000E+00        1.417231541656E+08       
3.500000000000E+01        3.138031113650E+02        1.268804528040E-01        2.652979705257E-02        4.063310799325E-01        1.044025999941E+00        -2.435281029565E+00       3.732175783340E-01        -4.659786071727E-03       5.800561467839E+08        2.999583987402E+07        0.000000000000E+00        0.000000000000E+00        0.000000000000E+00        -4.593750975570E+07       1.854103337151E+08        0.000000000000E+00        0.000000000000E+00        0.000000000000E+00        4.983536583823E+07        7.585594297400E+09        0.000000000000E+00        0.000000000000E+00        0.000000000000E+00        5.278618893653E+08        4.430117302357E-07        0.000000000000E+00        3.562418405850E+09        0.000000000000E+00        1.272241663482E+08       
3.600000000000E+01        3.092197504290E+02        1.220865672300E-01        2.685339879435E-02        3.927911507198E-01        1.023390903721E+00        -2.309685297930E+00       3.658579098084E-01        -3.364579895743E-03       5.721751637846E+08        2.915244366387E+07        0.000000000000E+00        0.000000000000E+00        0.000000000000E+00        -4.451661891911E+07       1.789565468504E+08        0.000000000000E+00        0.000000000000E+00        0.000000000000E+00        4.696772799643E+07        7.559300591310E+09        0.000000000000E+00        0.000000000000E+00        0.000000000000E+00        4.912094617687E+08        -4.446479039650E-07       0.000000000000E+00        3.407202186889E+09        0.000000000000E+00        1.173775360231E+08       
3.696400000000E+01        2.833791368500E+02        1.293122577559E-01        2.402381797466E-02        3.838936785735E-01        9.984697605865E-01        -2.218899814249E+00       3.667167843220E-01        -3.068629377897E-03       5.409556397256E+08        2.674021349679E+07        0.000000000000E+00        0.000000000000E+00        0.000000000000E+00        -4.135915971802E+07       1.659659997364E+08        0.000000000000E+00        0.000000000000E+00        0.000000000000E+00        4.340206648783E+07        7.401648730310E+09        0.000000000000E+00        0.000000000000E+00        0.000000000000E+00        4.530436679684E+08        3.732299973545E-07        0.000000000000E+00        3.143881542652E+09        0.000000000000E+00        1.029495193134E+08       
3.803500000000E+01        2.784678669660E+02        1.273532667912E-01        2.411365279126E-02        3.711128195747E-01        9.772585975106E-01        -2.148043294354E+00       3.622927048402E-01        -1.921746324308E-03       5.314722725748E+08        2.609629403934E+07        0.000000000000E+00        0.000000000000E+00        0.000000000000E+00        -4.011805390889E+07       1.604703236822E+08        0.000000000000E+00        0.000000000000E+00        0.000000000000E+00        3.947670268183E+07        7.366257614150E+09        0.000000000000E+00        0.000000000000E+00        0.000000000000E+00        4.210522964716E+08        1.093592574497E-07        0.000000000000E+00        2.975593484058E+09        0.000000000000E+00        9.448863371564E+07       
3.900000000000E+01        2.714744142330E+02        1.256050082725E-01        2.441093122327E-02        3.596963397232E-01        9.587398042214E-01        -2.093832417689E+00       3.590489875290E-01        -8.943807421701E-04       5.137229371144E+08        2.512650958770E+07        0.000000000000E+00        0.000000000000E+00        0.000000000000E+00        -3.863368347609E+07       1.535780961526E+08        0.000000000000E+00        0.000000000000E+00        0.000000000000E+00        3.643316412353E+07        7.291879857560E+09        0.000000000000E+00        0.000000000000E+00        0.000000000000E+00        3.917481916795E+08        -5.251628817560E-07       0.000000000000E+00        2.808573716752E+09        0.000000000000E+00        8.586057144592E+07       
4.000000000000E+01        2.675664477020E+02        1.245543041578E-01        2.469941339222E-02        3.487961559162E-01        9.400960226991E-01        -2.059271805268E+00       3.551879186043E-01        1.596948004035E-04        5.059698409551E+08        2.445617231349E+07        0.000000000000E+00        0.000000000000E+00        0.000000000000E+00        -3.740596066481E+07       1.483319163749E+08        0.000000000000E+00        0.000000000000E+00        0.000000000000E+00        3.480746993548E+07        7.265392659300E+09        0.000000000000E+00        0.000000000000E+00        0.000000000000E+00        3.667551480384E+08        1.920927686050E-07        0.000000000000E+00        2.672292235889E+09        0.000000000000E+00        7.964411000536E+07       
4.096400000000E+01        2.582348417300E+02        1.204857593397E-01        2.545212936294E-02        3.378467273839E-01        9.239316435524E-01        -1.919278091859E+00       3.474641030379E-01        3.402827379698E-03        4.893442435299E+08        2.243930440615E+07        0.000000000000E+00        0.000000000000E+00        0.000000000000E+00        -3.466743405632E+07       1.416786496861E+08        0.000000000000E+00        0.000000000000E+00        0.000000000000E+00        3.308391055990E+07        7.017927747960E+09        0.000000000000E+00        0.000000000000E+00        0.000000000000E+00        3.329093083381E+08        8.072344731245E-08        0.000000000000E+00        2.497517616861E+09        0.000000000000E+00        7.247551471340E+07       
4.203500000000E+01        2.486490888060E+02        1.168930003294E-01        2.575840507454E-02        3.266455507762E-01        9.068097627788E-01        -1.895538652199E+00       3.413573175605E-01        4.657700186164E-03        4.693777030861E+08        2.175341961495E+07        0.000000000000E+00        0.000000000000E+00        0.000000000000E+00        -3.366854380713E+07       1.347831590309E+08        0.000000000000E+00        0.000000000000E+00        0.000000000000E+00        3.049101911372E+07        6.778963937780E+09        0.000000000000E+00        0.000000000000E+00        0.000000000000E+00        3.009032109236E+08        -3.326287689558E-07       0.000000000000E+00        2.323080960845E+09        0.000000000000E+00        6.509542140503E+07       
4.300000000000E+01        2.419016416840E+02        1.117798151929E-01        2.597408937976E-02        3.161367330348E-01        8.920069009300E-01        -1.874673758019E+00       3.328194974180E-01        5.730416226649E-03        4.583387374721E+08        2.138538816999E+07        0.000000000000E+00        0.000000000000E+00        0.000000000000E+00        -3.307082380870E+07       1.296189049539E+08        0.000000000000E+00        0.000000000000E+00        0.000000000000E+00        2.869075960297E+07        6.591593292760E+09        0.000000000000E+00        0.000000000000E+00        0.000000000000E+00        2.745755648368E+08        2.192311044497E-06        0.000000000000E+00        2.192711541674E+09        0.000000000000E+00        5.980500471284E+07       
4.394700000000E+01        2.342585008890E+02        1.076706467188E-01        2.640797275387E-02        3.066875243544E-01        8.777214371809E-01        -1.869128326254E+00       3.258895174712E-01        6.720725364961E-03        4.423697669421E+08        1.480507470644E+07        0.000000000000E+00        0.000000000000E+00        0.000000000000E+00        -2.503125037429E+07       1.112970256599E+08        0.000000000000E+00        0.000000000000E+00        0.000000000000E+00        4.257804631827E+07        6.382891333300E+09        -7.776417131368E-09       2.382917249873E-07        0.000000000000E+00        2.507636929847E+08        -4.208849129780E-07       0.000000000000E+00        2.055326369432E+09        0.000000000000E+00        5.597920647518E+07       
4.500000000000E+01        2.285756482850E+02        1.017058389291E-01        2.642538550362E-02        2.958951603536E-01        8.622224842456E-01        -1.850698779505E+00       3.160972384078E-01        7.762188654480E-03        4.403908234815E+08        2.027593689699E+07        0.000000000000E+00        0.000000000000E+00        0.000000000000E+00        -3.133641479465E+07       1.190022636335E+08        0.000000000000E+00        0.000000000000E+00        0.000000000000E+00        2.676326669613E+07        6.195020097720E+09        0.000000000000E+00        0.000000000000E+00        0.000000000000E+00        2.269293396639E+08        -1.459257364796E-07       0.000000000000E+00        1.934133996809E+09        0.000000000000E+00        5.076151780379E+07       
4.594700000000E+01        2.219965700140E+02        1.039545819440E-01        2.813087223292E-02        2.879438368300E-01        8.461284676733E-01        -1.875233983899E+00       3.095126174176E-01        6.159760938723E-03        4.431422013574E+08        1.898393821515E+07        0.000000000000E+00        0.000000000000E+00        0.000000000000E+00        -3.989627362687E+07       1.142993938586E+08        0.000000000000E+00        0.000000000000E+00        0.000000000000E+00        2.531149452898E+07        5.958622163380E+09        0.000000000000E+00        0.000000000000E+00        0.000000000000E+00        2.056279920863E+08        6.449304526078E-07        0.000000000000E+00        1.806070084362E+09        0.000000000000E+00        4.909254846535E+07       
4.700000000000E+01        2.146217806980E+02        9.947079073554E-02        2.826764295818E-02        2.779703434352E-01        8.313526778283E-01        -1.866703383294E+00       3.012697868035E-01        7.213467871738E-03        4.293951147162E+08        1.786507920810E+07        0.000000000000E+00        0.000000000000E+00        0.000000000000E+00        -3.781592401423E+07       1.081507157268E+08        0.000000000000E+00        0.000000000000E+00        0.000000000000E+00        2.564246618807E+07        5.747749801540E+09        7.766331846823E-09        -2.382920538970E-07       0.000000000000E+00        1.853623130973E+08        6.294472658888E-08        0.000000000000E+00        1.684529790700E+09        0.000000000000E+00        4.487549947077E+07       
4.794700000000E+01        2.100136278240E+02        9.524654910377E-02        2.821271958320E-02        2.694515406741E-01        8.179569284093E-01        -1.863875850829E+00       2.928234828798E-01        8.172974049469E-03        4.260345010830E+08        1.800840539314E+07        0.000000000000E+00        0.000000000000E+00        0.000000000000E+00        -3.700935212024E+07       1.050141950540E+08        0.000000000000E+00        0.000000000000E+00        0.000000000000E+00        2.431413013392E+07        5.576416633020E+09        -7.446638652293E-09       -2.423303807434E-10       0.000000000000E+00        1.692015609964E+08        1.631567980285E-07        0.000000000000E+00        1.591818343922E+09        0.000000000000E+00        4.201670895464E+07       
4.900000000000E+01        2.027682824880E+02        8.982686410572E-02        2.827142653067E-02        2.600928569681E-01        8.039407418795E-01        -1.852595056812E+00       2.841351035544E-01        9.115983492509E-03        4.135396826404E+08        1.764422587231E+07        0.000000000000E+00        0.000000000000E+00        0.000000000000E+00        -3.582136368731E+07       1.003524685846E+08        0.000000000000E+00        0.000000000000E+00        0.000000000000E+00        2.287496108276E+07        5.367985431930E+09        7.707655351289E-09        -2.382939590292E-07       0.000000000000E+00        1.522257019235E+08        3.143099556908E-07        0.000000000000E+00        1.483878536671E+09        0.000000000000E+00        3.834436100220E+07       
5.000000000000E+01        1.971721181860E+02        8.618459636149E-02        2.748919475814E-02        2.516325012133E-01        7.899844600327E-01        -1.988383014126E+00       2.734466858762E-01        6.769689896827E-03        4.041316639133E+08        1.741414598477E+07        0.000000000000E+00        0.000000000000E+00        0.000000000000E+00        -3.425615085486E+07       9.655608449649E+07        0.000000000000E+00        0.000000000000E+00        0.000000000000E+00        2.212601197654E+07        5.143626330790E+09        0.000000000000E+00        0.000000000000E+00        0.000000000000E+00        1.365843478135E+08        -3.776047338572E-07       0.000000000000E+00        1.389303887872E+09        0.000000000000E+00        3.553643854860E+07       
5.100000000000E+01        1.912544133980E+02        8.273800347483E-02        2.878413370725E-02        2.432886904249E-01        7.759568621418E-01        -1.962095127029E+00       2.651348654972E-01        8.099879047435E-03        3.912065121745E+08        1.690819155132E+07        0.000000000000E+00        0.000000000000E+00        0.000000000000E+00        -3.257781400345E+07       9.232102955664E+07        0.000000000000E+00        0.000000000000E+00        0.000000000000E+00        2.090538225424E+07        4.948219145000E+09        0.000000000000E+00        0.000000000000E+00        0.000000000000E+00        1.231555524900E+08        3.684258488401E-07        0.000000000000E+00        1.297802504845E+09        0.000000000000E+00        3.238106540342E+07       
5.200000000000E+01        1.845274312770E+02        8.025484706428E-02        3.009152532555E-02        2.355771232522E-01        7.616935747505E-01        -1.940749333098E+00       2.578878109636E-01        9.306267310456E-03        3.736103694799E+08        1.638604013160E+07        0.000000000000E+00        0.000000000000E+00        0.000000000000E+00        -3.094631867486E+07       8.786961527033E+07        0.000000000000E+00        0.000000000000E+00        0.000000000000E+00        1.951077146719E+07        4.753937538920E+09        -7.446306816321E-09       -2.523212802555E-10       0.000000000000E+00        1.113093031582E+08        -3.710057386273E-07       0.000000000000E+00        1.206639303755E+09        0.000000000000E+00        2.916279970993E+07       
5.300000000000E+01        1.748382634660E+02        9.752290690256E-02        2.727477243411E-02        2.298115177996E-01        7.428061370859E-01        -1.881377962169E+00       2.576049089076E-01        7.948278190024E-03        3.369347817443E+08        9.312199944123E+06        0.000000000000E+00        0.000000000000E+00        0.000000000000E+00        -2.266037792468E+07       8.193095797619E+07        0.000000000000E+00        0.000000000000E+00        0.000000000000E+00        1.941514237547E+07        4.571022175910E+09        -7.827362885006E-09       2.382900569706E-07        0.000000000000E+00        1.008453026376E+08        5.894138004974E-07        0.000000000000E+00        1.112241427425E+09        0.000000000000E+00        2.551661144703E+07       
5.394700000000E+01        1.629947497130E+02        1.206906166281E-01        2.265260236653E-02        2.248594572766E-01        7.241804850782E-01        -1.658806372802E+00       2.606640574783E-01        8.931439061090E-03        2.866375105749E+08        -5.835414993821E+05       0.000000000000E+00        0.000000000000E+00        0.000000000000E+00        -1.047264383905E+07       7.757011190625E+07        0.000000000000E+00        0.000000000000E+00        0.000000000000E+00        1.976772104897E+07        4.362160610750E+09        0.000000000000E+00        0.000000000000E+00        0.000000000000E+00        9.150698469613E+07        2.029580136987E-07        0.000000000000E+00        1.009257202416E+09        0.000000000000E+00        2.206079081155E+07       
5.500000000000E+01        1.594594885180E+02        1.164574606685E-01        2.397671444474E-02        2.167081009570E-01        7.100453534856E-01        -1.640426934435E+00       2.506112148815E-01        9.961473379434E-03        2.811021740313E+08        -4.321558369194E+05       0.000000000000E+00        0.000000000000E+00        0.000000000000E+00        -9.881070842562E+06       7.142368772845E+07        0.000000000000E+00        0.000000000000E+00        0.000000000000E+00        1.882224912153E+07        4.194747596020E+09        0.000000000000E+00        0.000000000000E+00        0.000000000000E+00        8.195521294902E+07        -6.535793881278E-08       0.000000000000E+00        9.444875205976E+08        0.000000000000E+00        2.016977735752E+07       
5.597300000000E+01        1.524086559560E+02        1.165372072150E-01        2.411567101668E-02        2.103701688205E-01        6.964153444667E-01        -1.644933635324E+00       2.470037130967E-01        1.045971785390E-02        2.696905201917E+08        -5.998898815662E+05       0.000000000000E+00        0.000000000000E+00        0.000000000000E+00        -9.526324206713E+06       7.027632022215E+07        0.000000000000E+00        0.000000000000E+00        0.000000000000E+00        1.837300390605E+07        3.990527839050E+09        0.000000000000E+00        0.000000000000E+00        0.000000000000E+00        7.373624320089E+07        -1.136085203638E-08       0.000000000000E+00        8.612209546226E+08        0.000000000000E+00        1.860305235209E+07       
5.694600000000E+01        1.475059417540E+02        1.177294354038E-01        2.442665394279E-02        2.039740728391E-01        6.824305868564E-01        -1.574775406903E+00       2.446728963491E-01        8.167888744319E-03        2.657994090170E+08        -4.658296784230E+05       0.000000000000E+00        0.000000000000E+00        0.000000000000E+00        -1.012969082581E+07       6.867801883641E+07        0.000000000000E+00        0.000000000000E+00        0.000000000000E+00        1.762645986681E+07        3.780674292580E+09        0.000000000000E+00        0.000000000000E+00        0.000000000000E+00        6.561468561127E+07        -8.120983702853E-08       0.000000000000E+00        7.903983131056E+08        0.000000000000E+00        1.738451611571E+07       
5.802700000000E+01        1.398439076160E+02        1.181662584256E-01        2.516699242833E-02        1.971200534504E-01        6.665973673208E-01        -1.402984129947E+00       2.387183916782E-01        1.070335795160E-02        2.554132260571E+08        -9.322320040755E+05       0.000000000000E+00        0.000000000000E+00        0.000000000000E+00        -9.075914061377E+06       6.570270386272E+07        0.000000000000E+00        0.000000000000E+00        0.000000000000E+00        1.675459578034E+07        3.537404974730E+09        0.000000000000E+00        0.000000000000E+00        0.000000000000E+00        5.759179069421E+07        -5.148458813015E-08       0.000000000000E+00        7.048248321216E+08        0.000000000000E+00        1.579642255610E+07       
5.910000000000E+01        1.327759549200E+02        1.200287212244E-01        2.598056612410E-02        1.906665915624E-01        6.507741403884E-01        -1.708281955281E+00       2.314099948418E-01        1.088788790907E-02        2.450996621036E+08        -1.526650386392E+05       0.000000000000E+00        0.000000000000E+00        0.000000000000E+00        -9.024680853887E+06       6.289073814411E+07        0.000000000000E+00        0.000000000000E+00        0.000000000000E+00        1.607446584512E+07        3.265214266910E+09        0.000000000000E+00        0.000000000000E+00        0.000000000000E+00        4.974190215833E+07        1.028229904326E-08        0.000000000000E+00        6.267027947078E+08        0.000000000000E+00        1.445851375069E+07       
6.000000000000E+01        1.278907809370E+02        1.208222191927E-01        2.716730476133E-02        1.852621984862E-01        6.381867442630E-01        -1.620608432986E+00       2.283336806791E-01        1.289403158824E-02        2.412802222299E+08        -1.674646158778E+05       0.000000000000E+00        0.000000000000E+00        0.000000000000E+00        -8.632087978630E+06       6.100303481563E+07        0.000000000000E+00        0.000000000000E+00        0.000000000000E+00        1.513987126704E+07        3.105091735150E+09        0.000000000000E+00        0.000000000000E+00        0.000000000000E+00        4.476467652209E+07        -4.765756374181E-08       0.000000000000E+00        5.722688894824E+08        0.000000000000E+00        1.343115584047E+07       
6.100000000000E+01        1.189818338940E+02        1.204219045671E-01        2.623758731565E-02        1.790077359735E-01        6.266628225463E-01        -1.557572825958E+00       2.260978987051E-01        1.446841578382E-02        2.207897620071E+08        2.820044708844E+05        0.000000000000E+00        0.000000000000E+00        0.000000000000E+00        -5.935728185645E+06       5.777497987878E+07        0.000000000000E+00        0.000000000000E+00        0.000000000000E+00        1.388755826903E+07        2.903806454890E+09        0.000000000000E+00        0.000000000000E+00        0.000000000000E+00        3.956724588126E+07        -5.193636660875E-08       0.000000000000E+00        5.085119130809E+08        0.000000000000E+00        1.151550204568E+07       
6.196400000000E+01        1.144433950670E+02        1.211570732525E-01        2.733065985694E-02        1.735079381317E-01        6.140960103248E-01        -1.468804857594E+00       2.229492156141E-01        1.642620092992E-02        2.174723832980E+08        2.324188022027E+05        0.000000000000E+00        0.000000000000E+00        0.000000000000E+00        -5.762539767761E+06       5.579598023544E+07        0.000000000000E+00        0.000000000000E+00        0.000000000000E+00        1.307127793371E+07        2.755793214130E+09        0.000000000000E+00        0.000000000000E+00        0.000000000000E+00        3.537603261801E+07        3.604571958225E-08        0.000000000000E+00        4.626099648670E+08        0.000000000000E+00        1.065761072699E+07       
6.303600000000E+01        1.076627227650E+02        1.244240410559E-01        2.864635586146E-02        1.677290231386E-01        5.990217633448E-01        -1.366647691865E+00       2.217864550725E-01        1.853573059144E-02        2.076965127582E+08        1.688742175301E+05        0.000000000000E+00        0.000000000000E+00        0.000000000000E+00        -5.443990056686E+06       5.302919419521E+07        0.000000000000E+00        0.000000000000E+00        0.000000000000E+00        1.207371981993E+07        2.562080129290E+09        0.000000000000E+00        0.000000000000E+00        0.000000000000E+00        3.085515038027E+07        -7.770751539978E-08       0.000000000000E+00        4.059697575803E+08        0.000000000000E+00        9.513594784971E+06       
6.400000000000E+01        1.007652027370E+02        1.297872011237E-01        2.958517332874E-02        1.631881178456E-01        5.827362742679E-01        -1.260372393387E+00       2.199524421947E-01        2.011652707043E-02        1.935803532817E+08        2.116693159903E+04        0.000000000000E+00        0.000000000000E+00        0.000000000000E+00        -5.146356816761E+06       5.029613100464E+07        0.000000000000E+00        0.000000000000E+00        0.000000000000E+00        1.108784541748E+07        2.386985050570E+09        0.000000000000E+00        0.000000000000E+00        0.000000000000E+00        2.719330774529E+07        -2.781241056677E-08       0.000000000000E+00        3.572835370375E+08        0.000000000000E+00        8.411921156920E+06       
6.500000000000E+01        9.646134700870E+01        1.347881111180E-01        3.058364887403E-02        1.578020941867E-01        5.676353194669E-01        -1.185342437607E+00       2.194494740425E-01        2.191958512581E-02        1.917131720719E+08        -4.114986896411E+04       0.000000000000E+00        0.000000000000E+00        0.000000000000E+00        -4.990876478939E+06       4.838426409745E+07        0.000000000000E+00        0.000000000000E+00        0.000000000000E+00        1.051357559724E+07        2.227514343700E+09        0.000000000000E+00        0.000000000000E+00        0.000000000000E+00        2.372981568901E+07        3.198235752912E-07        0.000000000000E+00        3.170086313429E+08        0.000000000000E+00        7.751763008109E+06       
6.600000000000E+01        8.525350784630E+01        1.449071425421E-01        3.073686525585E-02        1.530932979224E-01        5.502602955880E-01        -9.906909314775E-01       2.265192803589E-01        2.587973316935E-02        1.572633381562E+08        -6.289031077149E+05       0.000000000000E+00        0.000000000000E+00        0.000000000000E+00        -3.286319877308E+06       4.391565584545E+07        0.000000000000E+00        0.000000000000E+00        0.000000000000E+00        8.445216908749E+06        2.061474433700E+09        0.000000000000E+00        0.000000000000E+00        0.000000000000E+00        2.100781316426E+07        2.339928526440E-08        0.000000000000E+00        2.630058850295E+08        0.000000000000E+00        5.855124462204E+06       
6.694700000000E+01        8.032824683000E+01        1.468261819576E-01        3.019943505818E-02        1.481430173439E-01        5.362814208172E-01        -1.037083981925E+00       2.203769999965E-01        2.534140806134E-02        1.567368016592E+08        -7.576436936743E+04       0.000000000000E+00        0.000000000000E+00        0.000000000000E+00        -2.309920600663E+06       4.216753547729E+07        0.000000000000E+00        0.000000000000E+00        0.000000000000E+00        8.060461807262E+06        1.824263995410E+09        0.000000000000E+00        0.000000000000E+00        0.000000000000E+00        1.732199815833E+07        -3.275834102428E-09       0.000000000000E+00        2.256742981089E+08        0.000000000000E+00        5.477884618780E+06       
6.800000000000E+01        7.366733273790E+01        1.524779434402E-01        3.095826346291E-02        1.423711550696E-01        5.189754373424E-01        -8.727368601732E-01       2.221557653331E-01        2.928957115887E-02        1.472099286566E+08        -5.850197188466E+05       0.000000000000E+00        0.000000000000E+00        0.000000000000E+00        -1.921916085600E+06       3.952296381834E+07        0.000000000000E+00        0.000000000000E+00        0.000000000000E+00        7.066924751602E+06        1.656556368160E+09        0.000000000000E+00        0.000000000000E+00        0.000000000000E+00        1.466652933902E+07        6.095589453597E-10        0.000000000000E+00        1.873592378648E+08        0.000000000000E+00        4.651576051952E+06       
6.905300000000E+01        6.734195775720E+01        1.583975601312E-01        3.286411245467E-02        1.364655396423E-01        5.009641925965E-01        -7.421933143258E-01       2.222885105276E-01        3.362387119819E-02        1.386047399262E+08        -1.118194444736E+06       0.000000000000E+00        0.000000000000E+00        0.000000000000E+00        -1.769097556794E+06       3.723740672952E+07        0.000000000000E+00        0.000000000000E+00        0.000000000000E+00        6.206541552792E+06        1.454056432700E+09        0.000000000000E+00        0.000000000000E+00        0.000000000000E+00        1.187313930974E+07        8.597271041441E-08        0.000000000000E+00        1.531252121928E+08        0.000000000000E+00        3.945232804498E+06       
7.000000000000E+01        6.285232785160E+01        1.632872164422E-01        3.347297391717E-02        1.308555200168E-01        4.820986325571E-01        -7.867641199600E-01       2.212283800539E-01        3.432570659612E-02        1.355180575576E+08        -1.071533941605E+06       0.000000000000E+00        0.000000000000E+00        0.000000000000E+00        -1.959802561664E+06       3.528912640165E+07        0.000000000000E+00        0.000000000000E+00        0.000000000000E+00        5.598733516211E+06        1.304767730400E+09        0.000000000000E+00        0.000000000000E+00        0.000000000000E+00        9.806509820906E+06        3.574417099947E-08        0.000000000000E+00        1.264546979895E+08        0.000000000000E+00        3.460415288477E+06       
7.094700000000E+01        5.867216757410E+01        1.611740410689E-01        3.450404143350E-02        1.254515560432E-01        4.684350564316E-01        -6.811621950036E-01       2.159655795605E-01        3.419281845085E-02        1.259867722603E+08        -1.168192465905E+06       0.000000000000E+00        0.000000000000E+00        0.000000000000E+00        -2.136142781241E+06       3.365302381867E+07        0.000000000000E+00        0.000000000000E+00        0.000000000000E+00        5.015669753054E+06        1.226470056020E+09        0.000000000000E+00        0.000000000000E+00        0.000000000000E+00        8.584400689985E+06        1.357147358005E-08        0.000000000000E+00        1.103284835446E+08        0.000000000000E+00        3.002889013819E+06       
7.210800000000E+01        5.529499040600E+01        1.557932958439E-01        3.428346034317E-02        1.172071709516E-01        4.488709834553E-01        -5.180617083512E-01       2.025283000308E-01        3.608483200903E-02        1.202069823958E+08        -1.430049032933E+06       0.000000000000E+00        0.000000000000E+00        0.000000000000E+00        -1.861323645700E+06       3.166703854912E+07        0.000000000000E+00        0.000000000000E+00        0.000000000000E+00        4.736503990703E+06        1.109457381170E+09        0.000000000000E+00        0.000000000000E+00        0.000000000000E+00        6.738899714382E+06        -1.119977173823E-08       0.000000000000E+00        9.478333869557E+07        0.000000000000E+00        2.611786974478E+06       
7.318900000000E+01        5.084969726120E+01        1.531450709159E-01        3.448525728093E-02        1.098565753205E-01        4.269816415242E-01        -5.528325191534E-01       1.920452514643E-01        3.432681810535E-02        1.090844122381E+08        -1.263776457814E+06       0.000000000000E+00        0.000000000000E+00        0.000000000000E+00        -1.972028972189E+06       2.943828577961E+07        0.000000000000E+00        0.000000000000E+00        0.000000000000E+00        4.210646832833E+06        9.872048011470E+08        0.000000000000E+00        0.000000000000E+00        0.000000000000E+00        5.241030035023E+06        2.026830586138E-08        0.000000000000E+00        7.795588414870E+07        0.000000000000E+00        2.157741665143E+06       
7.405400000000E+01        4.799550858110E+01        1.455821466368E-01        3.375540232337E-02        1.029993534971E-01        4.088894978665E-01        -4.777970927981E-01       1.789989934257E-01        3.396194375841E-02        1.036281985397E+08        -1.273619415300E+06       0.000000000000E+00        0.000000000000E+00        0.000000000000E+00        -1.835925734239E+06       2.752917284060E+07        0.000000000000E+00        0.000000000000E+00        0.000000000000E+00        3.859230771679E+06        9.171178294820E+08        3.725160768765E-09        3.106532906743E-11        0.000000000000E+00        4.266414706209E+06        3.024912053031E-08        0.000000000000E+00        6.792563740284E+07        0.000000000000E+00        1.852163193935E+06       
7.502700000000E+01        4.304414588650E+01        1.417464890038E-01        3.274684424118E-02        9.496308274305E-02        3.813372389300E-01        -4.148873253434E-01       1.682637350388E-01        3.428827240152E-02        9.207227347590E+07        -1.336349074970E+06       0.000000000000E+00        0.000000000000E+00        0.000000000000E+00        -1.467063907476E+06       2.498181808660E+07        0.000000000000E+00        0.000000000000E+00        0.000000000000E+00        3.112099801990E+06        8.087759281500E+08        0.000000000000E+00        0.000000000000E+00        0.000000000000E+00        3.189231708042E+06        1.201959210206E-09        0.000000000000E+00        5.232252016603E+07        0.000000000000E+00        1.393297580456E+06       
7.589200000000E+01        3.867163734310E+01        1.364312005998E-01        3.102890315747E-02        8.672902580817E-02        3.531069738105E-01        -4.434720021596E-01       1.582116318323E-01        3.298804364028E-02        8.126388545210E+07        -1.262877566511E+06       0.000000000000E+00        0.000000000000E+00        0.000000000000E+00        -1.171131442857E+06       2.242728595610E+07        0.000000000000E+00        0.000000000000E+00        0.000000000000E+00        2.516174320134E+06        7.226947735690E+08        0.000000000000E+00        0.000000000000E+00        0.000000000000E+00        2.380860165159E+06        8.116663474846E-10        0.000000000000E+00        3.940540099877E+07        0.000000000000E+00        1.037378316307E+06       
7.694700000000E+01        3.367730689740E+01        1.233254252379E-01        2.591661191244E-02        7.492918338554E-02        3.157841499090E-01        -6.116007686430E-01       1.363600509608E-01        2.765923677308E-02        7.275282318002E+07        -7.900780805282E+05       0.000000000000E+00        0.000000000000E+00        0.000000000000E+00        -1.048336793805E+06       1.961040260088E+07        0.000000000000E+00        0.000000000000E+00        0.000000000000E+00        2.072721647572E+06        6.122674730520E+08        0.000000000000E+00        0.000000000000E+00        0.000000000000E+00        1.488930931653E+06        -9.065918634486E-10       0.000000000000E+00        2.734999460843E+07        0.000000000000E+00        7.575181843518E+05       
7.778900000000E+01        2.903317244350E+01        1.114751991739E-01        2.302113785973E-02        6.381928590550E-02        2.717979345699E-01        -6.682187516872E-01       1.176482123786E-01        2.502765679232E-02        6.272678572829E+07        -6.842817479561E+05       0.000000000000E+00        0.000000000000E+00        0.000000000000E+00        -7.646458853565E+05       1.639740315181E+07        0.000000000000E+00        0.000000000000E+00        0.000000000000E+00        1.430756523577E+06        5.314113836930E+08        0.000000000000E+00        0.000000000000E+00        0.000000000000E+00        9.361022254220E+05        -3.295977318568E-10       0.000000000000E+00        1.735905152645E+07        0.000000000000E+00        4.708252671045E+05       
7.880000000000E+01        1.239179967870E+01        4.098417061986E-02        1.652313273293E-02        4.469198015369E-02        2.424514264940E-01        -4.895203121285E-01       5.212340087238E-02        1.927115630326E-02        2.798861713894E+07        -4.981253937042E+04       0.000000000000E+00        0.000000000000E+00        0.000000000000E+00        -2.938034448424E+05       1.618284049236E+06        0.000000000000E+00        0.000000000000E+00        0.000000000000E+00        3.512941144352E+05        2.424531861350E+08        0.000000000000E+00        0.000000000000E+00        0.000000000000E+00        2.115308335649E+05        -7.927583220917E-10       0.000000000000E+00        6.305036234073E+06        0.000000000000E+00        1.451433361241E+05       
7.900000000000E+01        1.055880673190E+01        3.783174546970E-02        1.525220450872E-02        4.125435728346E-02        2.238025197826E-01        -4.895203126229E-01       4.811416713101E-02        1.778885528635E-02        2.384854554819E+07        -4.244427664223E+04       0.000000000000E+00        0.000000000000E+00        0.000000000000E+00        -2.310880927850E+05       1.378907741902E+06        0.000000000000E+00        0.000000000000E+00        0.000000000000E+00        2.763067906020E+05        2.065895511770E+08        4.656442918186E-10        3.978441128776E-12        0.000000000000E+00        1.535799754185E+05        1.160633226846E-09        0.000000000000E+00        4.577712353024E+06        0.000000000000E+00        1.053799562832E+05       
7.950000000000E+01        5.423302421890E+00        2.711320577929E-02        1.093092994512E-02        2.956611872981E-02        1.603944966699E-01        -4.895203121821E-01       3.448239826256E-02        1.274889350121E-02        1.224928896922E+07        -2.180058366215E+04       0.000000000000E+00        0.000000000000E+00        0.000000000000E+00        -8.506502648964E+04       7.082461007378E+05        0.000000000000E+00        0.000000000000E+00        0.000000000000E+00        1.017103225887E+05        1.061102491680E+08        -3.978441125194E-12       4.656442918187E-10        0.000000000000E+00        4.051655935436E+04        7.020749939399E-11        0.000000000000E+00        1.207664955982E+06        0.000000000000E+00        2.780071582803E+04       
7.998000000000E+01        2.225690315900E-01        5.492642422608E-03        2.214407622036E-03        5.989557978881E-03        3.249300816509E-02        -4.895203121418E-01       6.985506807451E-03        2.582693977853E-03        5.027033662332E+05        -8.946826883331E+02       0.000000000000E+00        0.000000000000E+00        0.000000000000E+00        -7.072165438961E+02       2.906598904202E+04        0.000000000000E+00        0.000000000000E+00        0.000000000000E+00        8.456027792405E+02        4.354700063130E+06        0.000000000000E+00        0.000000000000E+00        0.000000000000E+00        6.823927196865E+01        2.245157511768E-13        0.000000000000E+00        2.033987552106E+03        0.000000000000E+00        4.682284573601E+01       
